# This file may be used to create an environment using:
# $ conda create --name <env> --file <this file>
# platform: win-64
backcall=0.1.0=py37_0
blas=1.0=mkl
bleach=3.0.0=py37_0
ca-certificates=2018.10.15=ha4d7672_0
certifi=2018.10.15=py37_1000
colorama=0.3.9=py37_0
cycler=0.10.0=py37_0
decorator=4.3.0=py37_0
entrypoints=0.2.3=py37_2
freetype=2.9.1=ha9979f8_1
graphviz=2.38=hfd603c8_2
icc_rt=2017.0.4=h97af966_0
icu=58.2=ha66f8fd_1
intel-openmp=2019.0=118
ipykernel=5.1.0=pyh24bf2e0_0
ipython=7.0.1=py37h39e3cac_0
ipython_genutils=0.2.0=py37_0
jedi=0.13.1=py37_0
jinja2=2.10=py37_0
joblib=0.12.5=py37_0
jpeg=9b=hb83a4c4_2
jsonschema=2.6.0=py37_0
jupyter_client=5.2.3=py37_0
jupyter_core=4.4.0=py37_0
jupyterlab=0.35.0=py37_0
jupyterlab_server=0.2.0=py37_0
kiwisolver=1.0.1=py37h6538335_0
libpng=1.6.35=h2a8f88b_0
libsodium=1.0.16=h9d3ae62_0
m2w64-gcc-libgfortran=5.3.0=6
m2w64-gcc-libs=5.3.0=7
m2w64-gcc-libs-core=5.3.0=7
m2w64-gmp=6.1.0=2
m2w64-libwinpthread-git=5.0.0.4634.697f757=2
markupsafe=1.0=py37hfa6e2cd_1
matplotlib=3.0.0=py37h7b168c4_1
mistune=0.8.3=py37hfa6e2cd_1
mkl=2019.0=118
mkl_fft=1.0.6=py37hdbbee80_0
mkl_random=1.0.1=py37h77b88f5_1
msys2-conda-epoch=20160418=1
nbconvert=5.3.1=py37_0
nbformat=4.4.0=py37_0
nodejs=10.8.0=1001
notebook=5.7.0=py37_0
numpy=1.15.2=py37ha559c80_0
numpy-base=1.15.2=py37h8128ebf_0
openssl=1.0.2p=hfa6e2cd_1001
pandas=0.23.4=py37h830ac7b_0
pandoc=2.2.3.2=0
pandocfilters=1.4.2=py37_1
parso=0.3.1=py37_0
patsy=0.5.0=py37_0
pickleshare=0.7.5=py37_0
pip=10.0.1=py37_0
prometheus_client=0.4.0=py37_0
prompt_toolkit=2.0.5=py37_0
pygments=2.2.0=py37_0
pyparsing=2.2.2=py37_0
pyqt=5.6.0=py37h764d66f_7
python=3.7.0=hea74fb7_0
python-dateutil=2.7.3=py37_0
pytz=2018.5=py37_0
pywinpty=0.5.4=py37_0
pyzmq=17.1.2=py37hfa6e2cd_0
qt=5.6.2=vc14h6f8c307_12
scikit-learn=0.20.0=py37heebcf9a_1
scipy=1.1.0=py37h4f6bf74_1
send2trash=1.5.0=py37_0
setuptools=40.4.3=py37_0
simplegeneric=0.8.1=py37_2
sip=4.18.1=py37h6538335_0
six=1.11.0=py37_1
sqlalchemy=1.2.12=py37he774522_0
sqlite=3.25.2=hfa6e2cd_0
statsmodels=0.9.0=py37h452e1ab_0
terminado=0.8.1=py37_1
testpath=0.4.2=py37_0
tornado=5.1.1=py37hfa6e2cd_0
traitlets=4.3.2=py37_0
vc=14.1=h21ff451_1
vs2015_runtime=14.0.25420=0
vs2017_runtime=15.4.27004.2010=1
wcwidth=0.1.7=py37_0
webencodings=0.5.1=py37_1
wheel=0.32.1=py37_0
wincertstore=0.2=py37_0
winpty=0.4.3=4
xlrd=1.1.0=py37_1
zeromq=4.2.5=he025d50_1
zlib=1.2.11=vc14_0
